171320
171326
171327
171333
171335
171346
171368
171380
171387
171393
171396
171402
171415
171417
171423
171424
171452
171456
171457
171464
171469
171472
171474
171486
171493
171499
171505
171510
171514
171515
171523
171524
171535
171539
171541
171551
171554
171556
171558
171569
171571
171580
171591
171598
171599
171602
171605
171619
171620
171623
171627
171635
171641
171647
171650
171656
171669
171672
171674
171686
171713
171721
171725
171731
171737
171743
171749
171754
171757
171765
171773
171779
171787
171793
171795
171796
171807
171808
171828
171831
171836
171839
171841
171849
171864
171872
171874
171883
171889
171891
171893
171894
171895
171911
171919
171923
171930
171934
171935
171936
171952
171954
171958
171962
171967
171971
171975
171981
171983
171984
171989
171991
171995
171996
172005
172007
172015
172017
172018
172020
172021
172023
172025
172027
172029
172031
172033
172034
172035
172036
172037
172038
172039
172041
172053
172056
172060
172070
172075
172079
172080
172090
172103
172105
172107
172111
172118
172132
172133
172139
172159
172160
172162
172173
172176
172183
172184
172185
172189
172193
172194
172195
172197
172198
172204
172209
172210
172212
172217
172223
172225
172239
172240
172241
172246
172248
172252
172258
172263
172266
172267
172268
172274
172279
172283
172284
172290
172292
172309
172310
172313
172316
